n=4
count=199
#1
2 4
1 2
2 1
3 4
4 1
3 1
4 3
1 4
4 2
2 3
3 2
1 3
#2
2 4
1 2
2 1
3 4
4 3
3 1
1 4
4 2
2 3
3 2
4 1
#3
2 4
1 2
2 1
3 4
4 3
3 1
1 4
4 2
2 3
4 1
#4
2 4
1 2
2 1
3 4
4 3
3 1
1 4
4 2
3 2
4 1
#5
1 3
2 4
1 2
2 1
3 4
4 3
3 1
1 4
4 2
4 1
#6
2 4
1 2
2 1
3 4
4 3
3 1
1 4
2 3
3 2
4 1
#7
2 4
1 2
2 1
3 4
4 3
3 1
4 2
2 3
3 2
4 1
#8
2 4
1 2
2 1
3 4
4 3
3 1
1 4
4 2
4 1
#9
2 4
1 2
2 1
3 4
4 3
3 1
1 4
2 3
4 1
#10
2 4
1 2
2 1
3 4
4 3
3 1
4 2
2 3
4 1
#11
2 4
1 2
2 1
3 4
4 3
3 1
4 2
3 2
4 1
#12
1 3
2 4
1 2
2 1
3 4
4 3
3 1
4 2
4 1
#13
1 3
2 4
1 2
2 1
3 4
4 3
3 1
3 2
4 1
#14
2 4
1 2
2 1
3 4
3 1
1 4
4 2
2 3
4 1
#15
2 4
1 2
2 1
3 4
3 1
1 4
4 2
3 2
4 1
#16
1 3
2 4
1 2
2 1
3 4
3 1
1 4
2 3
4 1
#17
1 3
2 4
1 2
2 1
3 4
3 1
2 3
3 2
4 1
#18
2 4
1 2
2 1
3 4
4 3
1 4
4 2
2 3
4 1
#19
1 3
2 4
1 2
2 1
3 4
4 2
2 3
3 2
4 1
#20
2 4
1 2
2 1
3 4
3 1
1 4
2 3
3 2
1 3
#21
2 4
1 2
2 1
3 4
4 3
3 1
1 4
4 1
#22
2 4
1 2
2 1
3 4
4 3
3 1
4 2
4 1
#23
2 4
1 2
2 1
3 4
4 3
3 1
2 3
4 1
#24
2 4
1 2
2 1
3 4
4 3
3 1
3 2
4 1
#25
1 3
2 4
1 2
2 1
3 4
4 3
3 1
4 1
#26
2 4
1 2
2 1
3 4
3 1
1 4
4 2
4 1
#27
2 4
1 2
2 1
3 4
3 1
1 4
2 3
4 1
#28
2 4
1 2
2 1
3 4
3 1
1 4
3 2
4 1
#29
1 3
2 4
1 2
2 1
3 4
3 1
1 4
4 1
#30
2 4
1 2
2 1
3 4
3 1
4 2
2 3
4 1
#31
2 4
1 2
2 1
3 4
3 1
2 3
3 2
4 1
#32
1 3
2 4
1 2
2 1
3 4
3 1
2 3
4 1
#33
2 4
1 2
2 1
3 4
4 3
1 4
4 2
4 1
#34
2 4
1 2
2 1
3 4
4 3
1 4
2 3
4 1
#35
1 3
2 4
1 2
2 1
3 4
4 3
1 4
4 1
#36
2 4
1 2
2 1
3 4
4 3
4 2
2 3
4 1
#37
1 3
2 4
1 2
2 1
3 4
4 3
4 2
4 1
#38
1 3
2 4
1 2
2 1
3 4
4 3
3 2
4 1
#39
2 4
1 2
2 1
3 4
1 4
4 2
2 3
4 1
#40
2 4
1 2
2 1
3 4
4 2
2 3
3 2
4 1
#41
1 3
2 4
1 2
2 1
3 4
4 2
2 3
4 1
#42
1 3
2 4
1 2
2 1
3 4
4 2
3 2
4 1
#43
2 4
1 2
2 1
3 4
4 3
3 1
4 2
1 3
#44
2 4
1 2
2 1
3 4
3 1
1 4
2 3
3 2
#45
2 4
1 2
2 1
3 4
3 1
4 2
2 3
3 2
#46
2 4
1 2
2 1
3 4
3 1
2 3
3 2
1 3
#47
2 4
1 2
2 1
3 4
4 3
1 4
2 3
1 3
#48
2 4
1 2
2 1
3 4
4 3
3 1
4 1
#49
2 4
1 2
2 1
3 4
3 1
1 4
4 1
#50
2 4
1 2
2 1
3 4
3 1
4 2
4 1
#51
2 4
1 2
2 1
3 4
3 1
2 3
4 1
#52
2 4
1 2
2 1
3 4
3 1
3 2
4 1
#53
1 3
2 4
1 2
2 1
3 4
3 1
4 1
#54
2 4
1 2
2 1
3 4
4 3
1 4
4 1
#55
2 4
1 2
2 1
3 4
4 3
4 2
4 1
#56
2 4
1 2
2 1
3 4
4 3
2 3
4 1
#57
2 4
1 2
2 1
3 4
4 3
3 2
4 1
#58
2 4
1 2
2 1
3 4
1 4
4 2
4 1
#59
2 4
1 2
2 1
3 4
1 4
2 3
4 1
#60
1 3
2 4
1 2
2 1
3 4
1 4
4 1
#61
2 4
1 2
2 1
3 4
4 2
2 3
4 1
#62
2 4
1 2
2 1
3 4
4 2
3 2
4 1
#63
1 3
2 4
1 2
2 1
3 4
4 2
4 1
#64
2 4
1 2
2 1
3 4
2 3
3 2
4 1
#65
1 3
2 4
1 2
2 1
3 4
2 3
4 1
#66
1 3
2 4
1 2
2 1
3 4
3 2
4 1
#67
2 4
1 2
2 1
3 4
4 3
3 1
4 2
#68
2 4
1 2
2 1
3 4
3 1
1 4
2 3
#69
2 4
1 2
2 1
3 4
3 1
1 4
3 2
#70
2 4
1 2
2 1
3 4
3 1
1 4
1 3
#71
2 4
1 2
2 1
3 4
3 1
4 2
2 3
#72
2 4
1 2
2 1
3 4
3 1
4 2
3 2
#73
2 4
1 2
2 1
3 4
3 1
2 3
3 2
#74
2 4
1 2
2 1
3 4
3 1
2 3
1 3
#75
2 4
1 2
2 1
3 4
4 3
1 4
2 3
#76
2 4
1 2
2 1
3 4
1 4
2 3
1 3
#77
2 4
1 2
2 1
3 4
4 2
2 3
3 2
#78
2 4
1 2
2 1
3 4
4 2
3 2
1 3
#79
2 4
1 2
2 1
3 4
2 3
3 2
1 3
#80
2 4
1 2
2 1
4 3
3 1
1 4
4 1
#81
2 4
1 2
2 1
4 3
3 1
3 2
4 1
#82
2 4
1 2
2 1
3 1
1 4
2 3
4 1
#83
2 4
1 2
2 1
4 3
1 4
4 2
4 1
#84
2 4
1 2
2 1
4 3
3 1
1 4
3 2
#85
2 4
1 2
3 4
3 1
1 4
4 2
3 2
#86
2 4
1 2
2 1
3 4
3 1
4 1
#87
2 4
1 2
2 1
3 4
4 3
4 1
#88
2 4
1 2
2 1
3 4
1 4
4 1
#89
2 4
1 2
2 1
3 4
4 2
4 1
#90
2 4
1 2
2 1
3 4
2 3
4 1
#91
2 4
1 2
2 1
3 4
3 2
4 1
#92
1 3
2 4
1 2
2 1
3 4
4 1
#93
2 4
1 2
2 1
3 4
4 3
3 1
#94
2 4
1 2
2 1
3 4
3 1
1 4
#95
2 4
1 2
2 1
3 4
3 1
4 2
#96
2 4
1 2
2 1
3 4
3 1
2 3
#97
2 4
1 2
2 1
3 4
3 1
3 2
#98
2 4
1 2
2 1
3 4
3 1
1 3
#99
2 4
1 2
2 1
3 4
4 3
1 4
#100
2 4
1 2
2 1
3 4
4 3
4 2
#101
2 4
1 2
2 1
3 4
4 3
2 3
#102
2 4
1 2
2 1
3 4
4 3
1 3
#103
2 4
1 2
2 1
3 4
1 4
2 3
#104
2 4
1 2
2 1
3 4
4 2
2 3
#105
2 4
1 2
2 1
3 4
4 2
3 2
#106
2 4
1 2
2 1
3 4
4 2
1 3
#107
2 4
1 2
2 1
3 4
2 3
3 2
#108
2 4
1 2
2 1
3 4
2 3
1 3
#109
2 4
1 2
2 1
3 4
3 2
1 3
#110
2 4
1 2
2 1
4 3
3 1
4 1
#111
2 4
1 2
2 1
3 1
1 4
4 1
#112
2 4
1 2
2 1
3 1
2 3
4 1
#113
2 4
1 2
2 1
3 1
3 2
4 1
#114
1 3
2 4
1 2
2 1
3 1
4 1
#115
2 4
1 2
2 1
4 3
1 4
4 1
#116
2 4
1 2
2 1
4 3
4 2
4 1
#117
2 4
1 2
2 1
4 3
3 2
4 1
#118
1 3
2 4
1 2
2 1
1 4
4 1
#119
1 3
2 4
1 2
2 1
2 3
4 1
#120
1 3
2 4
1 2
2 1
3 2
4 1
#121
2 4
1 2
2 1
4 3
3 1
1 4
#122
2 4
1 2
2 1
4 3
3 1
3 2
#123
2 4
1 2
2 1
3 1
1 4
3 2
#124
2 4
1 2
2 1
1 4
2 3
1 3
#125
2 4
1 2
2 1
4 2
2 3
3 2
#126
2 4
1 2
3 4
3 1
2 3
4 1
#127
2 4
1 2
3 4
3 1
3 2
4 1
#128
2 4
1 2
3 4
3 1
1 4
4 2
#129
2 4
1 2
3 4
3 1
1 4
2 3
#130
2 4
1 2
3 4
3 1
1 4
3 2
#131
2 4
1 2
3 4
3 1
4 2
3 2
#132
2 4
1 2
3 4
4 2
1 4
3 2
#133
2 4
1 2
2 1
3 4
4 1
#134
2 4
1 2
2 1
3 4
3 1
#135
2 4
1 2
2 1
3 4
4 3
#136
2 4
1 2
2 1
3 4
1 4
#137
2 4
1 2
2 1
3 4
4 2
#138
2 4
1 2
2 1
3 4
2 3
#139
2 4
1 2
2 1
3 4
3 2
#140
2 4
1 2
2 1
3 4
1 3
#141
2 4
1 2
2 1
3 1
4 1
#142
2 4
1 2
2 1
4 3
4 1
#143
2 4
1 2
2 1
2 3
4 1
#144
2 4
1 2
2 1
3 2
4 1
#145
2 4
1 2
2 1
4 1
1 3
#146
2 4
1 2
2 1
4 3
3 1
#147
2 4
1 2
2 1
3 1
1 4
#148
2 4
1 2
2 1
3 1
3 2
#149
2 4
1 2
2 1
3 1
1 3
#150
2 4
1 2
2 1
4 3
1 4
#151
2 4
1 2
2 1
4 3
3 2
#152
2 4
1 2
2 1
1 4
2 3
#153
2 4
1 2
2 1
4 2
2 3
#154
2 4
1 2
2 1
4 2
3 2
#155
2 4
1 2
3 4
3 1
4 1
#156
2 4
1 2
3 4
2 3
4 1
#157
2 4
1 2
3 4
4 1
1 3
#158
2 4
1 2
3 4
3 1
1 4
#159
2 4
1 2
3 4
3 1
4 2
#160
2 4
1 2
3 4
3 1
2 3
#161
2 4
1 2
3 4
3 1
3 2
#162
2 4
1 2
3 4
4 3
1 4
#163
2 4
1 2
3 4
4 3
2 3
#164
2 4
1 2
3 4
4 2
1 4
#165
2 4
1 2
3 4
1 4
3 2
#166
2 4
1 2
3 4
1 4
1 3
#167
2 4
1 2
3 4
2 3
1 3
#168
2 4
1 2
4 2
1 4
1 3
#169
2 4
1 2
1 4
2 3
1 3
#170
2 4
1 2
2 1
3 4
#171
3 1
2 4
1 2
2 1
#172
2 4
1 2
2 1
4 3
#173
2 3
2 4
1 2
2 1
#174
2 4
1 2
2 1
3 2
#175
2 4
1 2
1 3
2 1
#176
2 4
1 2
4 1
3 4
#177
3 1
2 4
1 2
3 4
#178
2 4
1 2
3 4
4 3
#179
2 4
1 2
3 4
1 4
#180
2 4
1 2
3 4
4 2
#181
2 3
2 4
1 2
3 4
#182
2 4
1 2
3 4
3 2
#183
2 4
1 2
1 3
3 4
#184
2 4
1 2
4 1
4 3
#185
3 1
2 4
1 2
4 3
#186
3 1
2 4
1 2
3 2
#187
2 3
2 4
1 2
1 4
#188
2 4
1 2
1 3
1 4
#189
2 4
1 2
3 2
4 2
#190
2 4
1 2
1 3
4 2
#191
3 1
2 4
2 1
3 4
#192
2 4
1 2
3 4
#193
3 1
2 4
1 2
#194
2 3
2 4
1 2
#195
2 4
1 2
3 2
#196
2 4
1 2
1 3
#197
2 4
2 1
3 4
#198
2 3
2 4
2 1
#199
2 4
3 4
1 4
